Mega Wholesale Invoice
Invoice No: MW-10000
Date: 21/06/2026
Customer: Demo Enterprise
Payment Method: Bank Transfer

Product 0001 2 11.00 22.00
Product 0002 3 12.00 36.00
Product 0003 4 13.00 52.00
Product 0004 5 14.00 70.00
Product 0005 6 15.00 90.00
Product 0006 7 16.00 112.00
Product 0007 8 17.00 136.00
Product 0008 9 18.00 162.00
Product 0009 1 19.00 19.00
Product 0010 2 20.00 40.00
Product 0011 3 21.00 63.00
Product 0012 4 22.00 88.00
Product 0013 5 23.00 115.00
Product 0014 6 24.00 144.00
Product 0015 7 25.00 175.00
Product 0016 8 26.00 208.00
Product 0017 9 27.00 243.00
Product 0018 1 28.00 28.00
Product 0019 2 29.00 58.00
Product 0020 3 30.00 90.00
Product 0021 4 31.00 124.00
Product 0022 5 32.00 160.00
Product 0023 6 33.00 198.00
Product 0024 7 34.00 238.00
Product 0025 8 35.00 280.00
Product 0026 9 36.00 324.00
Product 0027 1 37.00 37.00
Product 0028 2 38.00 76.00
Product 0029 3 39.00 117.00
Product 0030 4 40.00 160.00
Product 0031 5 41.00 205.00
Product 0032 6 42.00 252.00
Product 0033 7 43.00 301.00
Product 0034 8 44.00 352.00
Product 0035 9 45.00 405.00
Product 0036 1 46.00 46.00
Product 0037 2 47.00 94.00
Product 0038 3 48.00 144.00
Product 0039 4 49.00 196.00
Product 0040 5 50.00 250.00
Product 0041 6 51.00 306.00
Product 0042 7 52.00 364.00
Product 0043 8 53.00 424.00
Product 0044 9 54.00 486.00
Product 0045 1 55.00 55.00
Product 0046 2 56.00 112.00
Product 0047 3 57.00 171.00
Product 0048 4 58.00 232.00
Product 0049 5 59.00 295.00
Product 0050 6 60.00 360.00
Product 0051 7 61.00 427.00
Product 0052 8 62.00 496.00
Product 0053 9 63.00 567.00
Product 0054 1 64.00 64.00
Product 0055 2 65.00 130.00
Product 0056 3 66.00 198.00
Product 0057 4 67.00 268.00
Product 0058 5 68.00 340.00
Product 0059 6 69.00 414.00
Product 0060 7 70.00 490.00
Product 0061 8 71.00 568.00
Product 0062 9 72.00 648.00
Product 0063 1 73.00 73.00
Product 0064 2 74.00 148.00
Product 0065 3 75.00 225.00
Product 0066 4 76.00 304.00
Product 0067 5 77.00 385.00
Product 0068 6 78.00 468.00
Product 0069 7 79.00 553.00
Product 0070 8 80.00 640.00
Product 0071 9 81.00 729.00
Product 0072 1 82.00 82.00
Product 0073 2 83.00 166.00
Product 0074 3 84.00 252.00
Product 0075 4 85.00 340.00
Product 0076 5 86.00 430.00
Product 0077 6 87.00 522.00
Product 0078 7 88.00 616.00
Product 0079 8 89.00 712.00
Product 0080 9 90.00 810.00
Product 0081 1 91.00 91.00
Product 0082 2 92.00 184.00
Product 0083 3 93.00 279.00
Product 0084 4 94.00 376.00
Product 0085 5 95.00 475.00
Product 0086 6 96.00 576.00
Product 0087 7 97.00 679.00
Product 0088 8 98.00 784.00
Product 0089 9 99.00 891.00
Product 0090 1 100.00 100.00
Product 0091 2 101.00 202.00
Product 0092 3 102.00 306.00
Product 0093 4 103.00 412.00
Product 0094 5 104.00 520.00
Product 0095 6 105.00 630.00
Product 0096 7 106.00 742.00
Product 0097 8 107.00 856.00
Product 0098 9 108.00 972.00
Product 0099 1 109.00 109.00
Product 0100 2 110.00 220.00
Product 0101 3 111.00 333.00
Product 0102 4 112.00 448.00
Product 0103 5 113.00 565.00
Product 0104 6 114.00 684.00
Product 0105 7 115.00 805.00
Product 0106 8 116.00 928.00
Product 0107 9 117.00 1053.00
Product 0108 1 118.00 118.00
Product 0109 2 119.00 238.00
Product 0110 3 120.00 360.00
Product 0111 4 121.00 484.00
Product 0112 5 122.00 610.00
Product 0113 6 123.00 738.00
Product 0114 7 124.00 868.00
Product 0115 8 125.00 1000.00
Product 0116 9 126.00 1134.00
Product 0117 1 127.00 127.00
Product 0118 2 128.00 256.00
Product 0119 3 129.00 387.00
Product 0120 4 130.00 520.00
Product 0121 5 131.00 655.00
Product 0122 6 132.00 792.00
Product 0123 7 133.00 931.00
Product 0124 8 134.00 1072.00
Product 0125 9 135.00 1215.00
Product 0126 1 136.00 136.00
Product 0127 2 137.00 274.00
Product 0128 3 138.00 414.00
Product 0129 4 139.00 556.00
Product 0130 5 140.00 700.00
Product 0131 6 141.00 846.00
Product 0132 7 142.00 994.00
Product 0133 8 143.00 1144.00
Product 0134 9 144.00 1296.00
Product 0135 1 145.00 145.00
Product 0136 2 146.00 292.00
Product 0137 3 147.00 441.00
Product 0138 4 148.00 592.00
Product 0139 5 149.00 745.00
Product 0140 6 150.00 900.00
Product 0141 7 151.00 1057.00
Product 0142 8 152.00 1216.00
Product 0143 9 153.00 1377.00
Product 0144 1 154.00 154.00
Product 0145 2 155.00 310.00
Product 0146 3 156.00 468.00
Product 0147 4 157.00 628.00
Product 0148 5 158.00 790.00
Product 0149 6 159.00 954.00
Product 0150 7 160.00 1120.00
Product 0151 8 161.00 1288.00
Product 0152 9 162.00 1458.00
Product 0153 1 163.00 163.00
Product 0154 2 164.00 328.00
Product 0155 3 165.00 495.00
Product 0156 4 166.00 664.00
Product 0157 5 167.00 835.00
Product 0158 6 168.00 1008.00
Product 0159 7 169.00 1183.00
Product 0160 8 170.00 1360.00
Product 0161 9 171.00 1539.00
Product 0162 1 172.00 172.00
Product 0163 2 173.00 346.00
Product 0164 3 174.00 522.00
Product 0165 4 175.00 700.00
Product 0166 5 176.00 880.00
Product 0167 6 177.00 1062.00
Product 0168 7 178.00 1246.00
Product 0169 8 179.00 1432.00
Product 0170 9 180.00 1620.00
Product 0171 1 181.00 181.00
Product 0172 2 182.00 364.00
Product 0173 3 183.00 549.00
Product 0174 4 184.00 736.00
Product 0175 5 185.00 925.00
Product 0176 6 186.00 1116.00
Product 0177 7 187.00 1309.00
Product 0178 8 188.00 1504.00
Product 0179 9 189.00 1701.00
Product 0180 1 190.00 190.00
Product 0181 2 191.00 382.00
Product 0182 3 192.00 576.00
Product 0183 4 193.00 772.00
Product 0184 5 194.00 970.00
Product 0185 6 195.00 1170.00
Product 0186 7 196.00 1372.00
Product 0187 8 197.00 1576.00
Product 0188 9 198.00 1782.00
Product 0189 1 199.00 199.00
Product 0190 2 200.00 400.00
Product 0191 3 201.00 603.00
Product 0192 4 202.00 808.00
Product 0193 5 203.00 1015.00
Product 0194 6 204.00 1224.00
Product 0195 7 205.00 1435.00
Product 0196 8 206.00 1648.00
Product 0197 9 207.00 1863.00
Product 0198 1 208.00 208.00
Product 0199 2 209.00 418.00
Product 0200 3 10.00 30.00
Product 0201 4 11.00 44.00
Product 0202 5 12.00 60.00
Product 0203 6 13.00 78.00
Product 0204 7 14.00 98.00
Product 0205 8 15.00 120.00
Product 0206 9 16.00 144.00
Product 0207 1 17.00 17.00
Product 0208 2 18.00 36.00
Product 0209 3 19.00 57.00
Product 0210 4 20.00 80.00
Product 0211 5 21.00 105.00
Product 0212 6 22.00 132.00
Product 0213 7 23.00 161.00
Product 0214 8 24.00 192.00
Product 0215 9 25.00 225.00
Product 0216 1 26.00 26.00
Product 0217 2 27.00 54.00
Product 0218 3 28.00 84.00
Product 0219 4 29.00 116.00
Product 0220 5 30.00 150.00
Product 0221 6 31.00 186.00
Product 0222 7 32.00 224.00
Product 0223 8 33.00 264.00
Product 0224 9 34.00 306.00
Product 0225 1 35.00 35.00
Product 0226 2 36.00 72.00
Product 0227 3 37.00 111.00
Product 0228 4 38.00 152.00
Product 0229 5 39.00 195.00
Product 0230 6 40.00 240.00
Product 0231 7 41.00 287.00
Product 0232 8 42.00 336.00
Product 0233 9 43.00 387.00
Product 0234 1 44.00 44.00
Product 0235 2 45.00 90.00
Product 0236 3 46.00 138.00
Product 0237 4 47.00 188.00
Product 0238 5 48.00 240.00
Product 0239 6 49.00 294.00
Product 0240 7 50.00 350.00
Product 0241 8 51.00 408.00
Product 0242 9 52.00 468.00
Product 0243 1 53.00 53.00
Product 0244 2 54.00 108.00
Product 0245 3 55.00 165.00
Product 0246 4 56.00 224.00
Product 0247 5 57.00 285.00
Product 0248 6 58.00 348.00
Product 0249 7 59.00 413.00
Product 0250 8 60.00 480.00
Product 0251 9 61.00 549.00
Product 0252 1 62.00 62.00
Product 0253 2 63.00 126.00
Product 0254 3 64.00 192.00
Product 0255 4 65.00 260.00
Product 0256 5 66.00 330.00
Product 0257 6 67.00 402.00
Product 0258 7 68.00 476.00
Product 0259 8 69.00 552.00
Product 0260 9 70.00 630.00
Product 0261 1 71.00 71.00
Product 0262 2 72.00 144.00
Product 0263 3 73.00 219.00
Product 0264 4 74.00 296.00
Product 0265 5 75.00 375.00
Product 0266 6 76.00 456.00
Product 0267 7 77.00 539.00
Product 0268 8 78.00 624.00
Product 0269 9 79.00 711.00
Product 0270 1 80.00 80.00
Product 0271 2 81.00 162.00
Product 0272 3 82.00 246.00
Product 0273 4 83.00 332.00
Product 0274 5 84.00 420.00
Product 0275 6 85.00 510.00
Product 0276 7 86.00 602.00
Product 0277 8 87.00 696.00
Product 0278 9 88.00 792.00
Product 0279 1 89.00 89.00
Product 0280 2 90.00 180.00
Product 0281 3 91.00 273.00
Product 0282 4 92.00 368.00
Product 0283 5 93.00 465.00
Product 0284 6 94.00 564.00
Product 0285 7 95.00 665.00
Product 0286 8 96.00 768.00
Product 0287 9 97.00 873.00
Product 0288 1 98.00 98.00
Product 0289 2 99.00 198.00
Product 0290 3 100.00 300.00
Product 0291 4 101.00 404.00
Product 0292 5 102.00 510.00
Product 0293 6 103.00 618.00
Product 0294 7 104.00 728.00
Product 0295 8 105.00 840.00
Product 0296 9 106.00 954.00
Product 0297 1 107.00 107.00
Product 0298 2 108.00 216.00
Product 0299 3 109.00 327.00
Product 0300 4 110.00 440.00
Product 0301 5 111.00 555.00
Product 0302 6 112.00 672.00
Product 0303 7 113.00 791.00
Product 0304 8 114.00 912.00
Product 0305 9 115.00 1035.00
Product 0306 1 116.00 116.00
Product 0307 2 117.00 234.00
Product 0308 3 118.00 354.00
Product 0309 4 119.00 476.00
Product 0310 5 120.00 600.00
Product 0311 6 121.00 726.00
Product 0312 7 122.00 854.00
Product 0313 8 123.00 984.00
Product 0314 9 124.00 1116.00
Product 0315 1 125.00 125.00
Product 0316 2 126.00 252.00
Product 0317 3 127.00 381.00
Product 0318 4 128.00 512.00
Product 0319 5 129.00 645.00
Product 0320 6 130.00 780.00
Product 0321 7 131.00 917.00
Product 0322 8 132.00 1056.00
Product 0323 9 133.00 1197.00
Product 0324 1 134.00 134.00
Product 0325 2 135.00 270.00
Product 0326 3 136.00 408.00
Product 0327 4 137.00 548.00
Product 0328 5 138.00 690.00
Product 0329 6 139.00 834.00
Product 0330 7 140.00 980.00
Product 0331 8 141.00 1128.00
Product 0332 9 142.00 1278.00
Product 0333 1 143.00 143.00
Product 0334 2 144.00 288.00
Product 0335 3 145.00 435.00
Product 0336 4 146.00 584.00
Product 0337 5 147.00 735.00
Product 0338 6 148.00 888.00
Product 0339 7 149.00 1043.00
Product 0340 8 150.00 1200.00
Product 0341 9 151.00 1359.00
Product 0342 1 152.00 152.00
Product 0343 2 153.00 306.00
Product 0344 3 154.00 462.00
Product 0345 4 155.00 620.00
Product 0346 5 156.00 780.00
Product 0347 6 157.00 942.00
Product 0348 7 158.00 1106.00
Product 0349 8 159.00 1272.00
Product 0350 9 160.00 1440.00
Product 0351 1 161.00 161.00
Product 0352 2 162.00 324.00
Product 0353 3 163.00 489.00
Product 0354 4 164.00 656.00
Product 0355 5 165.00 825.00
Product 0356 6 166.00 996.00
Product 0357 7 167.00 1169.00
Product 0358 8 168.00 1344.00
Product 0359 9 169.00 1521.00
Product 0360 1 170.00 170.00
Product 0361 2 171.00 342.00
Product 0362 3 172.00 516.00
Product 0363 4 173.00 692.00
Product 0364 5 174.00 870.00
Product 0365 6 175.00 1050.00
Product 0366 7 176.00 1232.00
Product 0367 8 177.00 1416.00
Product 0368 9 178.00 1602.00
Product 0369 1 179.00 179.00
Product 0370 2 180.00 360.00
Product 0371 3 181.00 543.00
Product 0372 4 182.00 728.00
Product 0373 5 183.00 915.00
Product 0374 6 184.00 1104.00
Product 0375 7 185.00 1295.00
Product 0376 8 186.00 1488.00
Product 0377 9 187.00 1683.00
Product 0378 1 188.00 188.00
Product 0379 2 189.00 378.00
Product 0380 3 190.00 570.00
Product 0381 4 191.00 764.00
Product 0382 5 192.00 960.00
Product 0383 6 193.00 1158.00
Product 0384 7 194.00 1358.00
Product 0385 8 195.00 1560.00
Product 0386 9 196.00 1764.00
Product 0387 1 197.00 197.00
Product 0388 2 198.00 396.00
Product 0389 3 199.00 597.00
Product 0390 4 200.00 800.00
Product 0391 5 201.00 1005.00
Product 0392 6 202.00 1212.00
Product 0393 7 203.00 1421.00
Product 0394 8 204.00 1632.00
Product 0395 9 205.00 1845.00
Product 0396 1 206.00 206.00
Product 0397 2 207.00 414.00
Product 0398 3 208.00 624.00
Product 0399 4 209.00 836.00
Product 0400 5 10.00 50.00
Product 0401 6 11.00 66.00
Product 0402 7 12.00 84.00
Product 0403 8 13.00 104.00
Product 0404 9 14.00 126.00
Product 0405 1 15.00 15.00
Product 0406 2 16.00 32.00
Product 0407 3 17.00 51.00
Product 0408 4 18.00 72.00
Product 0409 5 19.00 95.00
Product 0410 6 20.00 120.00
Product 0411 7 21.00 147.00
Product 0412 8 22.00 176.00
Product 0413 9 23.00 207.00
Product 0414 1 24.00 24.00
Product 0415 2 25.00 50.00
Product 0416 3 26.00 78.00
Product 0417 4 27.00 108.00
Product 0418 5 28.00 140.00
Product 0419 6 29.00 174.00
Product 0420 7 30.00 210.00
Product 0421 8 31.00 248.00
Product 0422 9 32.00 288.00
Product 0423 1 33.00 33.00
Product 0424 2 34.00 68.00
Product 0425 3 35.00 105.00
Product 0426 4 36.00 144.00
Product 0427 5 37.00 185.00
Product 0428 6 38.00 228.00
Product 0429 7 39.00 273.00
Product 0430 8 40.00 320.00
Product 0431 9 41.00 369.00
Product 0432 1 42.00 42.00
Product 0433 2 43.00 86.00
Product 0434 3 44.00 132.00
Product 0435 4 45.00 180.00
Product 0436 5 46.00 230.00
Product 0437 6 47.00 282.00
Product 0438 7 48.00 336.00
Product 0439 8 49.00 392.00
Product 0440 9 50.00 450.00
Product 0441 1 51.00 51.00
Product 0442 2 52.00 104.00
Product 0443 3 53.00 159.00
Product 0444 4 54.00 216.00
Product 0445 5 55.00 275.00
Product 0446 6 56.00 336.00
Product 0447 7 57.00 399.00
Product 0448 8 58.00 464.00
Product 0449 9 59.00 531.00
Product 0450 1 60.00 60.00
Product 0451 2 61.00 122.00
Product 0452 3 62.00 186.00
Product 0453 4 63.00 252.00
Product 0454 5 64.00 320.00
Product 0455 6 65.00 390.00
Product 0456 7 66.00 462.00
Product 0457 8 67.00 536.00
Product 0458 9 68.00 612.00
Product 0459 1 69.00 69.00
Product 0460 2 70.00 140.00
Product 0461 3 71.00 213.00
Product 0462 4 72.00 288.00
Product 0463 5 73.00 365.00
Product 0464 6 74.00 444.00
Product 0465 7 75.00 525.00
Product 0466 8 76.00 608.00
Product 0467 9 77.00 693.00
Product 0468 1 78.00 78.00
Product 0469 2 79.00 158.00
Product 0470 3 80.00 240.00
Product 0471 4 81.00 324.00
Product 0472 5 82.00 410.00
Product 0473 6 83.00 498.00
Product 0474 7 84.00 588.00
Product 0475 8 85.00 680.00
Product 0476 9 86.00 774.00
Product 0477 1 87.00 87.00
Product 0478 2 88.00 176.00
Product 0479 3 89.00 267.00
Product 0480 4 90.00 360.00
Product 0481 5 91.00 455.00
Product 0482 6 92.00 552.00
Product 0483 7 93.00 651.00
Product 0484 8 94.00 752.00
Product 0485 9 95.00 855.00
Product 0486 1 96.00 96.00
Product 0487 2 97.00 194.00
Product 0488 3 98.00 294.00
Product 0489 4 99.00 396.00
Product 0490 5 100.00 500.00
Product 0491 6 101.00 606.00
Product 0492 7 102.00 714.00
Product 0493 8 103.00 824.00
Product 0494 9 104.00 936.00
Product 0495 1 105.00 105.00
Product 0496 2 106.00 212.00
Product 0497 3 107.00 321.00
Product 0498 4 108.00 432.00
Product 0499 5 109.00 545.00
Product 0500 6 110.00 660.00
GST 18500.00
Total 250000.00